height=18
!    0    0    5 
"    5    0   13 
#   14    0   26 
$   26    0   35 
%   34    0   46 
&   45    0   57 
'   58    0   62 
(   62    0   68 
)   67    0   73 
*   74    0   83 
+   83    0   95 
,   96    0  102 
-  102    0  109 
.  109    0  114 
/  116    0  127 
0    0   18   10 
1   10   18   21 
2   20   18   30 
3   30   18   40 
4   40   18   50 
5   50   18   60 
6   60   18   70 
7   70   18   80 
8   80   18   90 
9   90   18  100 
:  103   18  108 
;  108   18  114 
<  116   18  127 
=    0   36   10 
>    9   36   20 
?   20   36   29 
@   28   36   40 
A   39   36   49 
B   49   36   59 
C   59   36   69 
D   69   36   79 
E   79   36   89 
F   89   36   99 
G   99   36  109 
H  109   36  119 
I  119   36  128 
J    0   54   10 
K    9   54   20 
L   20   54   30 
M   29   54   39 
N   38   54   48 
O   47   54   57 
P   57   54   67 
Q   67   54   77 
R   77   54   88 
S   87   54   97 
T   97   54  108 
U  107   54  117 
V  117   54  127 
W    0   72   12 
X   11   72   21 
Y   20   72   32 
Z   32   72   42 
[   41   72   50 
\   84   72   91 
]   59   72   68
^   68   72   76
_   77   72   84 
`   50   72   60
a   90   72  100 
b   99   72  109 
c  108   72  118 
d  118   72  128 
e    0   90   10 
f    9   90   19 
g   18   90   28 
h   28   90   38 
i   38   90   49 
j   49   90   57 
k   57   90   67 
l   68   90   77 
m   77   90   87 
n   87   90   97 
o   97   90  107 
p  107   90  117 
q  117   90  127 
r    0  108    9 
s    9  108   19 
t   19  108   29 
u   29  108   39 
v   39  108   49 
w   48  108   60 
x   59  108   69 
y   69  108   79 
z   79  108   89 
{   89  108   99 
|   99  108  109 
}  109  108  119
~  119  117  128
